0 0.512769 0.138835 0.622312 0.087379
1 0.260081 0.584466 0.017473 0.015534
2 0.518817 0.308738 0.895161 0.233010
1 0.388441 0.709709 0.067204 0.079612
1 0.756720 0.582524 0.024194 0.112621
1 0.329301 0.562136 0.024194 0.079612
1 0.702957 0.681553 0.043011 0.077670
1 0.819892 0.716505 0.067204 0.120388
0 0.649194 0.921359 0.623656 0.079612
0 0.215726 0.306796 0.286290 0.225243
0 0.298387 0.464078 0.053763 0.031068
0 0.731183 0.463107 0.064516 0.025243
0 0.870296 0.580583 0.068548 0.120388
1 0.311156 0.666019 0.385753 0.341748
1 0.742608 0.667961 0.385753 0.337864
