0 0.344109 0.047029 0.602417 0.050449
1 0.496073 0.813596 0.845921 0.276186
0 0.358006 0.661821 0.531118 0.015391
0 0.103625 0.133390 0.133535 0.017956
0 0.377644 0.179991 0.590937 0.047029
0 0.376435 0.292219 0.584894 0.121847
0 0.374320 0.420479 0.580665 0.082514
0 0.379758 0.550235 0.586707 0.116289
0 0.823263 0.357845 0.243505 0.470286
0 0.501511 0.921334 0.269486 0.058145
0 0.701208 0.834117 0.081571 0.015391
0 0.407855 0.784523 0.073716 0.071826
0 0.767976 0.904446 0.159517 0.100470
0 0.916012 0.029500 0.114804 0.033348
