2 0.370294 0.630682 0.531176 0.110455
2 0.511471 0.230909 0.825294 0.186364
2 0.539118 0.449773 0.762941 0.075909
0 0.511765 0.528409 0.770588 0.039545
0 0.170294 0.437500 0.021765 0.015000
0 0.173235 0.460455 0.027647 0.009091
0 0.172353 0.477045 0.044706 0.012273
0 0.635882 0.424545 0.176471 0.013636
0 0.477059 0.308636 0.070588 0.018182
0 0.746765 0.307273 0.057059 0.020909
0 0.509412 0.108864 0.770588 0.033182
0 0.477353 0.582273 0.180588 0.013636
0 0.168529 0.595227 0.104118 0.030455
0 0.205588 0.648182 0.190000 0.066364
0 0.231176 0.228409 0.150588 0.185000
0 0.516471 0.374773 0.780000 0.062273
