2 0.509706 0.249773 0.825294 0.185000
2 0.509706 0.456364 0.825294 0.122727
0 0.511765 0.367045 0.770588 0.037727
0 0.215588 0.473182 0.104118 0.016364
0 0.220588 0.662727 0.117647 0.022727
0 0.413529 0.172500 0.088235 0.015000
0 0.202941 0.436818 0.082353 0.022727
0 0.224412 0.502045 0.110000 0.019545
0 0.430294 0.405682 0.113529 0.015000
0 0.637941 0.404091 0.121765 0.018182
0 0.843824 0.405682 0.121765 0.024091
0 0.195882 0.170909 0.056471 0.015455
0 0.625294 0.170000 0.091765 0.013636
0 0.832059 0.169318 0.086471 0.012273
0 0.412647 0.629318 0.086471 0.019545
0 0.616471 0.631591 0.082353 0.015000
0 0.828235 0.631591 0.078824 0.015000
0 0.519412 0.549091 0.794118 0.059091
0 0.523235 0.740682 0.798235 0.015000
2 0.509412 0.819318 0.829412 0.124091
2 0.506765 0.644091 0.827647 0.120909
2 0.520294 0.119318 0.795882 0.057727
0 0.246765 0.835227 0.166471 0.083182
0 0.612647 0.598182 0.486471 0.020909
0 0.617647 0.773182 0.370588 0.020000
