1 0.679991 0.321644 0.382642 0.199516
0 0.746045 0.199214 0.230868 0.033253
2 0.235143 0.334946 0.406156 0.308343
2 0.181702 0.619105 0.299273 0.211608
2 0.499359 0.616082 0.299273 0.193470
2 0.818298 0.623035 0.295853 0.201330
2 0.178495 0.858827 0.297136 0.203748
2 0.498717 0.863362 0.300556 0.206771
2 0.819795 0.846131 0.297136 0.178356
0 0.234716 0.207376 0.157332 0.031439
0 0.133818 0.359432 0.149637 0.238815
0 0.337324 0.361548 0.197520 0.243047
0 0.497007 0.802902 0.228730 0.065296
0 0.411073 0.911729 0.101325 0.113664
0 0.180205 0.558948 0.168021 0.033253
0 0.500428 0.566203 0.267208 0.039299
0 0.821932 0.564692 0.203078 0.066505
0 0.179136 0.798368 0.274476 0.032044
0 0.818298 0.795949 0.208636 0.063482
0 0.244335 0.092503 0.272339 0.059250
0 0.845019 0.093410 0.292005 0.099758
