1 0.110750 0.352000 0.041500 0.048000
1 0.180000 0.464667 0.036000 0.049333
1 0.186250 0.702667 0.176500 0.216000
1 0.504500 0.725333 0.215000 0.266667
1 0.783000 0.664000 0.270000 0.097333
1 0.492250 0.318000 0.174500 0.066667
1 0.812000 0.340333 0.209000 0.347333
0 0.483500 0.091667 0.329000 0.060667
0 0.335750 0.211000 0.547500 0.082000
0 0.216500 0.868333 0.314000 0.032667
0 0.441750 0.671333 0.054500 0.048000
0 0.564250 0.669333 0.060500 0.044000
0 0.506750 0.804667 0.059500 0.066667
0 0.503750 0.876333 0.139500 0.023333
0 0.741500 0.644000 0.015000 0.038667
0 0.685250 0.667000 0.032500 0.032667
0 0.853750 0.644000 0.025500 0.038667
0 0.889250 0.667000 0.029500 0.030000
0 0.797500 0.815000 0.201000 0.059333
0 0.778250 0.885333 0.267500 0.038667
0 0.815500 0.543667 0.191000 0.022000
0 0.181750 0.531333 0.174500 0.034667
0 0.497000 0.530667 0.172000 0.036000
0 0.497000 0.444000 0.249000 0.048000
0 0.171500 0.416000 0.200000 0.038667
0 0.170500 0.289667 0.208000 0.043333
0 0.494500 0.372333 0.065000 0.023333
0 0.392000 0.321333 0.014000 0.020000
0 0.613250 0.325000 0.016500 0.022000
0 0.492750 0.326667 0.029500 0.021333
