0 0.158500 0.108667 0.149000 0.036000
0 0.113250 0.408667 0.137500 0.424000
1 0.242750 0.522000 0.101500 0.612000
0 0.257500 0.518333 0.056000 0.614000
0 0.326500 0.225333 0.050000 0.018667
0 0.337500 0.310333 0.066000 0.018000
0 0.357000 0.477000 0.107000 0.018000
0 0.321000 0.388333 0.033000 0.016667
1 0.440500 0.219667 0.031000 0.083333
1 0.445500 0.303333 0.050000 0.062667
1 0.444500 0.385000 0.061000 0.074000
1 0.446250 0.469333 0.064500 0.069333
0 0.601750 0.305333 0.185500 0.212000
1 0.840500 0.327667 0.115000 0.259333
0 0.806500 0.109333 0.267000 0.044000
0 0.707000 0.717000 0.491000 0.362000
0 0.501250 0.954000 0.211500 0.018667
