1 0.780250 0.289667 0.303500 0.292667
1 0.701250 0.682000 0.429500 0.292000
0 0.135750 0.185667 0.162500 0.051333
0 0.340500 0.337333 0.476000 0.142667
0 0.240500 0.600333 0.283000 0.338000
0 0.390500 0.890333 0.624000 0.027333
0 0.676250 0.479000 0.097500 0.019333
0 0.700500 0.730000 0.092000 0.021333
0 0.862750 0.572333 0.102500 0.030000
0 0.543250 0.568333 0.043500 0.028667
0 0.470500 0.566333 0.050000 0.039333
0 0.671250 0.572000 0.053500 0.021333
0 0.606750 0.576333 0.045500 0.050000
0 0.749000 0.571667 0.068000 0.026000
