0 0.197250 0.070000 0.226500 0.044000
0 0.482500 0.173667 0.926000 0.084667
0 0.446750 0.320000 0.759500 0.156000
1 0.516000 0.489667 0.868000 0.119333
1 0.161000 0.778333 0.158000 0.160667
1 0.368750 0.823000 0.244500 0.171333
1 0.776250 0.744333 0.329500 0.328667
0 0.101250 0.546333 0.111500 0.018000
0 0.106000 0.626000 0.125000 0.120000
0 0.342250 0.583667 0.129500 0.083333
0 0.441750 0.654000 0.162500 0.024000
0 0.575750 0.601000 0.051500 0.046000
0 0.658250 0.830667 0.054500 0.032000
0 0.835750 0.871333 0.021500 0.020000
0 0.377500 0.755333 0.025000 0.021333
0 0.162500 0.711000 0.016000 0.007333
0 0.161000 0.848000 0.024000 0.009333
0 0.755250 0.733667 0.021500 0.019333
0 0.879000 0.753333 0.024000 0.013333
0 0.751250 0.889667 0.018500 0.016667
