1 0.498750 0.431333 0.396500 0.373333
1 0.163750 0.367000 0.198500 0.368667
1 0.482750 0.546000 0.260500 0.092000
1 0.409750 0.344000 0.209500 0.161333
1 0.619500 0.449000 0.141000 0.164667
1 0.834000 0.349000 0.212000 0.339333
0 0.159000 0.610333 0.185000 0.074000
0 0.844500 0.588000 0.186000 0.073333
0 0.509250 0.784333 0.882500 0.195333
0 0.538500 0.102667 0.707000 0.073333
0 0.441250 0.530667 0.060500 0.036000
0 0.327750 0.557000 0.047500 0.026000
0 0.560750 0.595667 0.067500 0.044667
0 0.655500 0.595667 0.064000 0.042000
0 0.525750 0.457667 0.102500 0.035333
0 0.604250 0.384000 0.061500 0.025333
0 0.455500 0.282333 0.041000 0.026000
0 0.335250 0.270000 0.055500 0.020000
1 0.424000 0.359333 0.077000 0.104000
1 0.673500 0.485667 0.040000 0.072667
0 0.501250 0.957667 0.204500 0.038000
